[gd_scene load_steps=6 format=2]

[ext_resource path="res://demos/network/netmain.gd" type="Script" id=1]
[ext_resource path="res://shared/scenes/floor.tscn" type="PackedScene" id=2]
[ext_resource path="res://shared/scenes/wall.tscn" type="PackedScene" id=3]
[ext_resource path="res://demos/network/scenes/cam_control.tscn" type="PackedScene" id=4]

[sub_resource type="Environment" id=1]
ambient_light_color = Color( 0.858824, 0.839216, 0.764706, 1 )

[node name="main" type="Spatial"]
script = ExtResource( 1 )

[node name="hud" type="CanvasLayer" parent="."]

[node name="lbl_typeinfo" type="Label" parent="hud"]
anchor_left = 0.5
anchor_right = 0.5
margin_left = -96.0
margin_right = 96.0
margin_bottom = 14.0
text = "Server/Client/Single"
align = 1

[node name="lbl_fpsinfo" type="Label" parent="hud"]
margin_left = 836.0
margin_right = 1013.0
margin_bottom = 14.0
text = "FPS: x | Physics: x"
__meta__ = {
"_edit_use_anchors_": false
}

[node name="lbl_latency" type="Label" parent="hud"]
margin_left = 836.0
margin_top = 14.0
margin_right = 893.0
margin_bottom = 28.0
text = "Latency: "
__meta__ = {
"_edit_use_anchors_": false
}

[node name="plist" type="VBoxContainer" parent="hud"]
margin_left = 10.0
margin_top = 30.0
margin_right = 226.0
margin_bottom = 248.0
__meta__ = {
"_edit_group_": true,
"_edit_use_anchors_": false
}

[node name="level" type="Spatial" parent="."]

[node name="floor" type="Spatial" parent="level"]

[node name="floor1" parent="level/floor" instance=ExtResource( 2 )]
transform = Transform( 1, 0, 0, 0, 1, 0, 0, 0, 1, -8, 0, -8 )
collision_layer = 3
collision_mask = 3

[node name="floor2" parent="level/floor" instance=ExtResource( 2 )]
transform = Transform( 1, 0, 0, 0, 1, 0, 0, 0, 1, 8, 0, -8 )
collision_layer = 3
collision_mask = 3

[node name="floor3" parent="level/floor" instance=ExtResource( 2 )]
transform = Transform( 1, 0, 0, 0, 1, 0, 0, 0, 1, 8, 0, 8 )
collision_layer = 3
collision_mask = 3

[node name="floor4" parent="level/floor" instance=ExtResource( 2 )]
transform = Transform( 1, 0, 0, 0, 1, 0, 0, 0, 1, -8, 0, 8 )
collision_layer = 3
collision_mask = 3

[node name="floor5" parent="level/floor" instance=ExtResource( 2 )]
transform = Transform( 1, 0, 0, 0, 1, 0, 0, 0, 1, -24, 0, 8 )
collision_layer = 3
collision_mask = 3

[node name="floor6" parent="level/floor" instance=ExtResource( 2 )]
transform = Transform( 1, 0, 0, 0, 1, 0, 0, 0, 1, -24, 0, -8 )
collision_layer = 3
collision_mask = 3

[node name="floor7" parent="level/floor" instance=ExtResource( 2 )]
transform = Transform( 1, 0, 0, 0, 1, 0, 0, 0, 1, -24, 0, -24 )
collision_layer = 3
collision_mask = 3

[node name="floor8" parent="level/floor" instance=ExtResource( 2 )]
transform = Transform( 1, 0, 0, 0, 1, 0, 0, 0, 1, -8, 0, -24 )
collision_layer = 3
collision_mask = 3

[node name="floor9" parent="level/floor" instance=ExtResource( 2 )]
transform = Transform( 1, 0, 0, 0, 1, 0, 0, 0, 1, 8, 0, -24 )
collision_layer = 3
collision_mask = 3

[node name="floor10" parent="level/floor" instance=ExtResource( 2 )]
transform = Transform( 1, 0, 0, 0, 1, 0, 0, 0, 1, 24, 0, -24 )
collision_layer = 3
collision_mask = 3

[node name="floor11" parent="level/floor" instance=ExtResource( 2 )]
transform = Transform( 1, 0, 0, 0, 1, 0, 0, 0, 1, 24, 0, -8 )
collision_layer = 3
collision_mask = 3

[node name="floor12" parent="level/floor" instance=ExtResource( 2 )]
transform = Transform( 1, 0, 0, 0, 1, 0, 0, 0, 1, 24, 0, 8 )
collision_layer = 3
collision_mask = 3

[node name="floor13" parent="level/floor" instance=ExtResource( 2 )]
transform = Transform( 1, 0, 0, 0, 1, 0, 0, 0, 1, 24, 0, 24 )
collision_layer = 3
collision_mask = 3

[node name="floor14" parent="level/floor" instance=ExtResource( 2 )]
transform = Transform( 1, 0, 0, 0, 1, 0, 0, 0, 1, 8, 0, 24 )
collision_layer = 3
collision_mask = 3

[node name="floor15" parent="level/floor" instance=ExtResource( 2 )]
transform = Transform( 1, 0, 0, 0, 1, 0, 0, 0, 1, -8, 0, 24 )
collision_layer = 3
collision_mask = 3

[node name="floor16" parent="level/floor" instance=ExtResource( 2 )]
transform = Transform( 1, 0, 0, 0, 1, 0, 0, 0, 1, -24, 0, 24 )
collision_layer = 3
collision_mask = 3

[node name="wall" type="Spatial" parent="level"]
transform = Transform( 1, 0, 0, 0, 1, 0, 0, 0, 1, 0, -2.818, 0 )

[node name="wall1" parent="level/wall" instance=ExtResource( 3 )]
transform = Transform( 1, 0, 0, 0, 1, 0, 0, 0, 1, -8, 0, -32 )

[node name="wall2" parent="level/wall" instance=ExtResource( 3 )]
transform = Transform( 1, 0, 0, 0, 1, 0, 0, 0, 1, 8, 0, -32 )

[node name="wall3" parent="level/wall" instance=ExtResource( 3 )]
transform = Transform( 1, 0, 0, 0, 1, 0, 0, 0, 1, 24, 0, -32 )

[node name="wall4" parent="level/wall" instance=ExtResource( 3 )]
transform = Transform( -4.37114e-08, 0, -1, 0, 1, 0, 1, 0, -4.37114e-08, 32, 0, -24 )

[node name="wall5" parent="level/wall" instance=ExtResource( 3 )]
transform = Transform( -4.37114e-08, 0, -1, 0, 1, 0, 1, 0, -4.37114e-08, 32, 0, -8 )

[node name="wall6" parent="level/wall" instance=ExtResource( 3 )]
transform = Transform( -4.37114e-08, 0, -1, 0, 1, 0, 1, 0, -4.37114e-08, 32, 0, 8 )

[node name="wall7" parent="level/wall" instance=ExtResource( 3 )]
transform = Transform( -4.37114e-08, 0, -1, 0, 1, 0, 1, 0, -4.37114e-08, 32, 0, 24 )

[node name="wall8" parent="level/wall" instance=ExtResource( 3 )]
transform = Transform( 1, 0, 0, 0, 1, 0, 0, 0, 1, 24, 0, 32 )

[node name="wall9" parent="level/wall" instance=ExtResource( 3 )]
transform = Transform( 1, 0, 0, 0, 1, 0, 0, 0, 1, 8, 0, 32 )

[node name="wall10" parent="level/wall" instance=ExtResource( 3 )]
transform = Transform( 1, 0, 0, 0, 1, 0, 0, 0, 1, -8, 0, 32 )

[node name="wall11" parent="level/wall" instance=ExtResource( 3 )]
transform = Transform( 1, 0, 0, 0, 1, 0, 0, 0, 1, -24, 0, 32 )

[node name="wall12" parent="level/wall" instance=ExtResource( 3 )]
transform = Transform( -4.37114e-08, 0, 1, 0, 1, 0, -1, 0, -4.37114e-08, -32, 0, 24 )

[node name="wall13" parent="level/wall" instance=ExtResource( 3 )]
transform = Transform( -4.37114e-08, 0, 1, 0, 1, 0, -1, 0, -4.37114e-08, -32, 0, 8 )

[node name="wall14" parent="level/wall" instance=ExtResource( 3 )]
transform = Transform( -4.37114e-08, 0, 1, 0, 1, 0, -1, 0, -4.37114e-08, -32, 0, -8 )

[node name="wall15" parent="level/wall" instance=ExtResource( 3 )]
transform = Transform( -4.37114e-08, 0, 1, 0, 1, 0, -1, 0, -4.37114e-08, -32, 0, -24 )

[node name="wall16" parent="level/wall" instance=ExtResource( 3 )]
transform = Transform( 1, 0, 0, 0, 1, 0, 0, 0, 1, -24, 0, -32 )

[node name="WorldEnvironment" type="WorldEnvironment" parent="level"]
environment = SubResource( 1 )

[node name="DirectionalLight" type="DirectionalLight" parent="level"]
transform = Transform( 1, 0, 0, 0, 0.530563, 0.847645, 0, -0.847645, 0.530563, 0, 19.2784, 0 )
light_color = Color( 0.878431, 0.87451, 0.784314, 1 )
shadow_enabled = true
shadow_color = Color( 0.101961, 0.0980392, 0.0980392, 1 )
shadow_contact = 0.1
directional_shadow_blend_splits = true
directional_shadow_depth_range = 1

[node name="cam_control" parent="." instance=ExtResource( 4 )]
far_selection = 500.0

[node name="player" type="Spatial" parent="."]

[node name="spawn_points" type="Spatial" parent="."]

[node name="player1" type="Spatial" parent="spawn_points"]

[node name="1" type="Position3D" parent="spawn_points/player1"]
transform = Transform( 0.707107, 0, 0.707107, 0, 1, 0, -0.707107, 0, 0.707107, -25, 1.5, 25 )

[node name="3" type="Position3D" parent="spawn_points/player1"]
transform = Transform( 0.707107, 0, 0.707107, 0, 1, 0, -0.707107, 0, 0.707107, -28, 1.5, 25 )

[node name="2" type="Position3D" parent="spawn_points/player1"]
transform = Transform( 0.707107, 0, 0.707107, 0, 1, 0, -0.707107, 0, 0.707107, -25, 1.5, 28 )

[node name="player2" type="Spatial" parent="spawn_points"]

[node name="1" type="Position3D" parent="spawn_points/player2"]
transform = Transform( -0.707107, 0, 0.707107, 0, 1, 0, -0.707107, 0, -0.707107, 25, 1.5, 25 )

[node name="3" type="Position3D" parent="spawn_points/player2"]
transform = Transform( -0.707107, 0, 0.707107, 0, 1, 0, -0.707107, 0, -0.707107, 25, 1.5, 28 )

[node name="2" type="Position3D" parent="spawn_points/player2"]
transform = Transform( -0.707107, 0, 0.707107, 0, 1, 0, -0.707107, 0, -0.707107, 28, 1.5, 25 )

[node name="player3" type="Spatial" parent="spawn_points"]

[node name="1" type="Position3D" parent="spawn_points/player3"]
transform = Transform( -0.707107, 0, -0.707107, 0, 1, 0, 0.707107, 0, -0.707107, 25, 1.5, -25 )

[node name="3" type="Position3D" parent="spawn_points/player3"]
transform = Transform( -0.707107, 0, -0.707107, 0, 1, 0, 0.707107, 0, -0.707107, 28, 1.5, -25 )

[node name="2" type="Position3D" parent="spawn_points/player3"]
transform = Transform( -0.707107, 0, -0.707107, 0, 1, 0, 0.707107, 0, -0.707107, 25, 1.5, -28 )

[node name="player4" type="Spatial" parent="spawn_points"]

[node name="1" type="Position3D" parent="spawn_points/player4"]
transform = Transform( 0.707107, 0, -0.707107, 0, 1, 0, 0.707107, 0, 0.707107, -25, 1.5, -25 )

[node name="3" type="Position3D" parent="spawn_points/player4"]
transform = Transform( 0.707107, 0, -0.707107, 0, 1, 0, 0.707107, 0, 0.707107, -25, 1.5, -28 )

[node name="2" type="Position3D" parent="spawn_points/player4"]
transform = Transform( 0.707107, 0, -0.707107, 0, 1, 0, 0.707107, 0, 0.707107, -28, 1.5, -25 )
